10	10	17.718371047385148		1 1 1 1 0 1 1 1 1 0 
10	11	17.729874008758458		1 1 1 1 0 1 1 1 1 0 
10	12	19.100804248152084		1 1 1 1 0 1 1 1 1 0 
10	13	22.491997145657866		0 1 1 0 0 1 1 1 1 0 
10	14	22.61674238368766		1 1 1 0 0 0 1 1 1 0 
10	15	23.32152601012264		1 1 1 0 0 0 1 1 1 0 
10	16	25.19947401253914		1 1 1 0 0 0 1 1 1 0 
10	17	26.220350729895806		1 1 1 0 0 0 1 1 1 0 
10	18	27.96907375819081		1 1 1 0 0 0 1 1 1 0 
10	19	29.03284584028262		1 0 1 0 0 0 1 1 1 0 
10	20	30.58184967527021		1 0 1 0 0 0 1 1 1 0 
10	21	31.149791925880074		1 0 1 0 0 0 1 1 1 0 
10	22	32.49874603447791		1 1 1 0 0 0 1 1 1 0 
10	23	34.07010224767025		1 1 1 0 0 0 1 1 1 0 
10	24	33.790565199897294		1 0 1 0 0 0 1 1 1 1 
10	25	33.72540104233561		1 0 1 0 0 0 1 1 1 1 
10	26	36.22648123548576		1 0 1 0 0 0 1 1 1 1 
10	27	36.47000987751857		1 0 1 0 0 0 1 1 1 1 
10	28	37.83069832272258		1 0 0 0 0 0 1 1 1 1 
10	29	38.82329730242342		1 0 0 0 0 0 1 1 1 1 
10	30	40.27000553083772		1 0 0 0 0 0 1 1 1 1 
10	31	40.32257582026764		1 0 0 0 0 0 1 1 1 1 
10	32	40.09131121106756		1 0 0 0 0 0 1 1 1 1 
10	33	42.20435121039186		1 0 0 0 0 0 1 1 1 1 
10	34	44.08571172200537		1 0 0 0 0 0 1 1 1 1 
10	35	46.612452927985395		1 0 0 0 0 0 1 1 1 1 
10	36	48.66906398382381		1 0 0 0 0 0 1 1 1 1 
10	37	45.44526298677257		1 0 0 0 0 0 1 1 1 1 
10	38	45.00323232566595		1 0 0 0 0 0 1 1 1 1 
10	39	52.92578908590749		1 0 0 1 0 0 1 1 1 0 
10	40	52.99940888832713		1 0 0 1 0 0 1 1 1 0 
10	41	57.598247954843785		1 0 0 1 0 0 1 1 1 0 
10	42	51.04709939026332		1 0 0 1 0 0 1 1 1 0 
10	43	50.51532421476746		1 0 0 1 0 0 1 1 1 0 
10	5	19.044979185632762		1 1 1 1 0 0 1 0 1 0 
10	6	17.58060588286397		1 1 1 1 1 0 1 0 1 0 
10	7	16.57092991238711		1 1 1 0 0 1 1 0 1 0 
10	8	16.69414816143782		1 1 1 1 1 1 1 1 1 0 
10	9	16.62206366106936		1 1 1 1 0 1 1 1 1 0 
11	10	16.351981140771294		1 1 1 1 0 1 1 1 1 0 
11	11	17.98566605701038		1 1 1 1 1 1 1 1 1 0 
11	12	17.331107304171674		1 1 1 1 0 1 1 1 1 0 
11	13	18.470084725770317		1 1 1 1 0 1 1 1 1 0 
11	14	18.92923523549524		1 1 1 1 1 1 1 1 1 0 
11	15	23.40448967796222		0 1 1 0 0 1 1 1 1 0 
11	16	24.929493565674367		1 1 1 0 0 0 1 1 1 0 
11	17	25.762660805291596		1 1 1 0 0 0 1 1 1 0 
11	18	27.54877411436316		1 0 1 0 0 0 1 1 1 0 
11	19	28.824607535753415		1 1 1 0 0 0 1 1 1 0 
11	20	27.936852441414334		1 0 1 0 0 0 1 1 1 0 
11	21	30.906269844445067		1 0 1 0 0 0 1 1 1 0 
11	22	32.9353609072652		1 1 1 0 0 0 1 1 1 0 
11	23	33.809338452935556		1 1 1 0 0 0 1 1 1 0 
11	24	34.48138678277837		1 1 1 0 0 0 1 1 1 0 
11	25	33.76717321478717		1 1 1 0 0 0 1 1 1 1 
11	26	36.22453071888634		1 0 1 0 0 0 1 1 1 0 
11	27	36.34127154871002		1 0 1 0 0 0 1 1 1 0 
11	28	37.896826201119104		1 0 0 0 0 0 1 1 1 0 
11	29	38.477510753386774		1 0 0 0 0 0 1 1 1 0 
11	30	40.14781110060743		1 0 0 0 0 0 1 1 1 1 
11	31	39.72216055112797		1 0 0 0 0 0 1 1 1 1 
11	32	39.3989817138697		1 0 0 0 0 0 1 1 1 1 
11	33	42.61499598502588		1 0 0 0 0 0 1 1 1 1 
11	34	45.42144073774669		1 0 0 0 0 0 1 1 1 1 
11	35	46.373426250852496		1 0 0 0 0 0 1 1 1 1 
11	36	48.12350615288336		1 0 0 0 0 0 1 1 1 1 
11	37	49.21651998025401		1 0 0 0 0 0 1 1 1 1 
11	38	50.30332579948166		1 0 0 0 0 0 1 1 1 1 
11	39	53.162222252816946		1 0 0 0 0 0 1 1 1 1 
11	40	53.23303456728039		1 0 0 1 0 0 1 1 1 0 
11	41	55.07724515679062		1 0 0 1 0 0 1 1 1 0 
11	42	45.232737392838175		1 0 0 1 0 0 1 1 1 0 
11	43	47.21767209343595		1 0 0 1 0 0 1 1 1 0 
11	5	18.931580138507154		1 1 1 1 1 0 1 0 1 0 
11	6	17.887849128418253		1 1 1 1 1 0 1 0 0 0 
11	7	17.465329622714275		1 1 1 1 0 0 1 0 0 0 
11	8	17.095491588032903		1 1 1 1 1 1 1 1 0 0 
11	9	16.033966872676853		1 1 1 1 1 1 1 1 1 0 
12	10	16.072364593720774		1 1 1 1 0 1 1 1 1 0 
12	11	16.244438926599617		1 1 1 1 1 1 1 1 1 0 
12	12	17.381171572345774		1 1 1 1 1 1 1 1 1 0 
12	13	17.705286580972977		1 1 1 1 0 1 1 1 1 0 
12	14	18.56052332323946		1 1 1 1 1 1 1 1 1 0 
12	15	19.406449939685157		1 1 1 1 1 1 1 1 1 0 
12	16	20.798339126469642		1 1 1 1 0 1 1 1 1 0 
12	17	23.551260357269687		0 1 1 0 0 1 1 1 1 0 
12	18	25.64133076305942		1 1 1 0 0 0 1 1 1 0 
12	19	25.838233377974756		0 0 1 0 0 1 1 1 1 0 
12	20	15.664842193941368		1 1 1 1 0 1 1 1 1 0 
12	21	29.40002308906009		1 0 1 0 0 0 1 1 1 0 
12	22	31.415819742062858		1 0 1 0 0 0 1 1 1 0 
12	23	32.70154682219883		1 1 1 0 0 0 1 1 1 0 
12	24	32.43369817931178		1 1 1 0 0 0 1 1 1 0 
12	25	32.48267093055158		1 1 1 0 0 0 1 1 1 1 
12	26	34.61363590236858		1 0 1 0 0 0 1 1 1 0 
12	27	35.676605491781075		1 0 1 0 0 0 1 1 1 0 
12	28	36.653705158043685		1 0 1 0 0 0 1 1 1 0 
12	29	37.56621685476699		1 0 0 0 0 0 1 1 1 0 
12	30	39.470979476431495		1 0 0 0 0 0 1 1 1 0 
12	31	39.51437456846138		1 0 0 0 0 0 1 1 1 0 
12	32	39.5000800702912		1 0 0 0 0 0 1 1 1 0 
12	33	43.057890771291696		1 0 0 0 0 0 1 1 1 0 
12	34	44.56953499894083		1 0 0 0 0 0 1 1 1 1 
12	35	46.13039726934689		1 0 0 0 0 0 1 1 1 1 
12	36	47.580502273206136		1 0 0 0 0 0 1 1 1 1 
12	37	49.004988720543565		1 0 0 0 0 0 1 1 1 1 
12	38	49.07303642312451		1 0 0 0 0 0 1 1 1 1 
12	39	51.19384364456771		1 0 0 0 0 0 1 1 1 1 
12	40	52.10750763611987		1 0 0 0 0 0 1 1 1 1 
12	41	52.59656223101514		1 0 0 1 0 0 1 1 1 0 
12	42	49.60397104835061		1 0 0 1 0 0 1 1 1 0 
12	43	31.51261029887901		1 0 0 1 0 0 1 1 1 0 
12	6	17.30819793532512		1 1 1 1 0 0 1 0 0 0 
12	7	16.47026170651437		1 1 1 1 0 0 1 0 0 0 
12	8	15.864122700041147		1 1 1 1 0 1 1 1 1 0 
12	9	16.255210338692706		1 1 1 1 0 1 1 1 1 0 
13	10	15.666996701934753		1 1 1 1 0 1 1 1 1 0 
13	11	16.302922407359013		1 1 1 1 0 1 1 1 1 0 
13	12	17.90206075783864		1 1 1 1 1 1 1 1 1 0 
13	13	18.610087926531676		1 1 1 1 0 1 1 1 1 0 
13	14	19.208883819629328		1 1 1 1 1 1 1 1 1 0 
13	15	19.383007674500835		1 1 1 1 0 1 1 1 1 0 
13	16	19.568571966206033		1 1 1 1 0 1 1 1 1 0 
13	17	21.12124844508941		1 1 1 1 0 1 1 1 1 0 
13	18	22.40663422349334		1 1 1 1 0 1 1 1 1 0 
13	19	26.211287611954425		0 1 1 0 0 1 1 1 1 0 
13	20	26.942538547666892		0 0 1 0 0 1 1 1 1 0 
13	21	28.164410377436134		1 1 1 0 0 0 1 1 1 0 
13	22	30.811760449526062		1 1 1 0 0 0 1 1 1 0 
13	23	32.70878246410568		1 1 1 0 0 0 1 1 1 0 
13	24	32.56140581357545		1 1 1 0 0 0 1 1 1 0 
13	25	32.46768775400291		1 1 1 0 0 0 1 1 1 0 
13	26	33.70476816616425		1 1 1 0 0 0 1 1 1 0 
13	27	34.57792432716452		1 0 1 0 0 0 1 1 1 0 
13	28	35.85000035400921		1 0 1 0 0 0 1 1 1 0 
13	29	37.12000803473896		1 0 0 0 0 0 1 1 1 0 
13	30	37.98991784830963		1 0 0 0 0 0 1 1 1 0 
13	31	38.28752739747663		1 0 0 0 0 0 1 1 1 0 
13	32	39.72403914521668		1 0 0 0 0 0 1 1 1 0 
13	33	41.60993890094488		1 0 0 0 0 0 1 1 1 0 
13	34	43.000638718913855		1 0 0 0 0 0 1 1 1 0 
13	35	45.07633979858285		1 0 0 0 0 0 1 1 1 0 
13	36	46.81091955714558		1 0 0 0 0 0 1 1 1 1 
13	37	47.60416459908008		1 0 0 0 0 0 1 1 1 1 
13	38	48.81625377165463		1 0 0 0 0 0 1 1 1 1 
13	39	36.16870955247724		1 0 0 0 0 0 1 1 1 1 
13	40	50.98555972809644		1 0 0 0 0 0 1 1 1 1 
13	41	45.35579618440856		1 0 0 1 0 0 1 1 1 0 
13	42	53.164927430605864		1 0 0 1 0 0 1 1 1 0 
13	6	17.968275989816096		1 1 1 0 1 0 1 0 1 0 
13	7	17.208165418482675		1 1 1 1 0 0 1 0 1 0 
13	8	16.920940601823297		1 1 1 0 0 0 1 0 1 0 
13	9	14.80072122983112		1 1 1 1 0 1 1 1 1 0 
14	10	15.432601646440357		1 1 1 1 1 1 1 1 1 0 
14	11	16.390684732809707		1 1 1 1 0 1 1 1 1 0 
14	12	17.198046197870617		1 1 1 1 1 1 1 1 1 0 
14	13	18.21595366542865		1 1 1 1 0 1 1 1 1 0 
14	14	18.86621826359373		1 1 1 1 0 1 1 1 1 0 
14	15	18.365834912931014		1 1 1 1 0 1 1 1 1 0 
14	16	19.364630474255772		1 1 1 1 1 1 1 1 1 0 
14	17	20.40275811174738		1 1 1 1 0 1 1 1 1 0 
14	18	20.917824609762278		1 1 1 1 0 1 1 1 1 0 
14	19	22.803163252925373		1 1 1 0 0 1 1 1 1 0 
14	20	23.74437258311515		1 1 1 0 0 1 1 1 1 0 
14	21	28.744405556696957		0 0 1 0 0 1 1 1 1 0 
14	22	29.545401165946842		1 1 1 0 0 0 1 1 1 0 
14	23	30.97053665980539		1 1 1 0 0 0 1 1 1 0 
14	24	31.307018685875132		1 1 1 0 0 0 1 1 1 0 
14	25	30.76180775468869		1 1 1 0 0 0 1 1 1 0 
14	26	33.01133803841427		1 0 1 0 0 0 1 1 1 0 
14	27	33.9267042491445		1 0 1 0 0 0 1 1 1 0 
14	28	34.6373104088485		1 0 1 0 0 0 1 1 1 0 
14	29	36.71163944575207		1 0 0 0 0 0 1 1 1 0 
14	30	37.57917363276559		1 0 0 0 0 0 1 1 1 0 
14	31	37.399079506238365		1 0 0 0 0 0 1 1 1 0 
14	32	38.99236884678182		1 0 0 0 0 0 1 1 1 0 
14	33	41.52915275970797		1 0 0 0 0 0 1 1 1 0 
14	34	42.812971593979775		1 0 0 0 0 0 1 1 1 0 
14	35	45.42154284294192		1 0 0 0 0 0 1 1 1 0 
14	36	45.63163190636956		1 0 0 0 0 0 1 1 1 0 
14	37	46.9007868139151		1 0 0 0 0 0 1 1 1 0 
14	38	48.322550027927335		1 0 0 0 0 0 1 1 1 1 
14	39	48.6274396993247		1 0 0 0 0 0 1 1 1 1 
14	40	49.40428073769283		1 0 0 0 0 0 1 1 1 1 
14	41	46.309364114650954		1 0 0 0 0 0 1 1 1 1 
14	42	41.750455111509474		1 0 0 1 0 0 1 1 1 0 
14	7	16.977800692250863		1 1 1 1 0 0 1 0 1 0 
14	8	17.08780554884391		1 1 1 1 0 0 1 0 1 0 
14	9	15.660817706217859		1 1 1 1 1 1 1 1 1 0 
15	10	15.36222944787717		1 1 1 1 0 1 1 1 1 0 
15	11	15.835420237622087		1 1 1 1 0 1 1 1 1 0 
15	12	17.041230664114174		1 1 1 1 0 1 1 1 1 0 
15	13	17.305159586334092		1 1 1 1 1 1 1 1 1 0 
15	14	17.681783594838294		1 1 1 1 1 1 1 1 1 0 
15	15	18.62417170597918		1 1 1 1 1 1 1 1 1 0 
15	16	19.131702999145514		1 1 1 1 0 1 1 1 1 0 
15	17	20.391826124090354		1 1 1 1 1 1 1 1 1 0 
15	18	20.934395878468578		1 1 1 1 0 1 1 1 1 0 
15	19	22.351078375580215		1 1 1 1 0 1 1 1 1 0 
15	20	23.9159576083511		1 0 1 1 0 1 1 1 1 0 
15	21	24.2761064387066		1 0 1 1 0 1 1 1 1 0 
15	22	25.21604822700996		1 0 1 0 0 1 1 1 1 0 
15	23	29.63618083914913		0 0 1 0 0 1 1 1 1 0 
15	24	29.842497160404093		1 0 1 0 0 0 1 1 1 0 
15	25	29.55411994789769		1 0 1 0 0 0 1 1 1 0 
15	26	31.89088291034057		1 0 1 0 0 0 1 1 1 0 
15	27	33.19376960002404		1 0 1 0 0 0 1 1 1 0 
15	28	34.10247822691981		1 0 1 0 0 0 1 1 1 0 
15	29	35.23257199200893		1 0 0 0 0 0 1 1 1 0 
15	30	36.50878066603541		1 0 0 0 0 0 1 1 1 0 
15	31	37.54427631347009		1 0 0 0 0 0 1 1 1 0 
15	32	38.75057995227802		1 0 0 0 0 0 1 1 1 0 
15	33	40.052111466224204		1 0 0 0 0 0 1 1 1 0 
15	34	41.654642441338616		1 0 0 0 0 0 1 1 1 0 
15	35	43.65740737992973		1 0 0 0 0 0 1 1 1 0 
15	36	44.76602739576835		1 0 0 0 0 0 1 1 1 0 
15	37	45.931237733834045		1 0 0 0 0 0 1 1 1 0 
15	38	45.50405481231406		1 0 0 0 0 0 1 1 1 0 
15	39	48.096123496044896		1 0 0 0 0 0 1 1 1 0 
15	40	42.213130804352076		1 0 0 0 0 1 1 1 1 1 
15	41	50.21591621474928		1 0 0 0 0 0 1 1 1 1 
15	7	17.977128487270036		1 1 1 0 0 0 1 0 1 0 
15	8	17.759147633340305		1 1 1 1 0 0 1 0 1 0 
15	9	16.861257497912774		1 1 1 1 0 0 1 0 1 0 
16	10	15.072771417398366		1 1 1 1 0 1 1 1 1 0 
16	11	14.15708088118725		1 1 1 1 0 1 1 1 1 0 
16	12	17.29446698220408		1 1 1 1 0 1 1 1 1 0 
16	13	15.789429806269768		1 1 1 1 0 1 1 1 1 0 
16	14	15.408704776312604		1 1 1 1 0 1 1 1 1 0 
16	15	18.4233661985737		1 1 1 1 1 1 1 1 1 0 
16	16	20.260191067163106		1 1 1 1 0 1 1 1 1 0 
16	17	19.219333569765283		1 1 1 0 0 1 1 1 1 0 
16	18	20.876116113385564		1 1 1 1 0 1 1 1 1 0 
16	19	21.98170284520851		1 0 1 1 0 1 1 1 1 0 
16	20	23.397499772740918		1 0 1 1 0 1 1 1 1 0 
16	21	24.399799582377135		1 0 1 1 0 1 1 1 1 0 
16	22	24.804666511627172		1 0 1 1 0 1 1 1 1 0 
16	23	25.45949902038539		1 0 1 1 0 1 1 1 1 0 
16	24	29.396852205607242		0 0 1 0 0 1 1 1 1 0 
16	25	29.274189264109495		1 0 1 0 0 0 1 1 1 0 
16	26	31.976983985812065		0 0 1 0 0 1 1 1 1 0 
16	27	32.67285216467307		0 0 1 0 0 1 1 1 1 0 
16	28	34.568712311374895		0 0 0 0 0 1 1 1 1 0 
16	29	35.2338385548789		0 0 0 0 0 1 1 1 1 0 
16	30	36.13498402405272		0 0 0 0 0 1 1 1 1 0 
16	31	38.02354197972062		0 0 0 0 0 1 1 1 1 0 
16	32	39.67611722207906		0 0 0 0 0 1 1 1 1 0 
16	33	40.40326420706702		0 0 0 0 0 1 1 1 1 0 
16	34	41.92419596408666		1 0 0 0 0 0 1 1 1 0 
16	35	42.9256753722333		1 0 0 0 0 0 1 1 1 0 
16	36	44.14437704314016		1 0 0 0 0 0 1 1 1 0 
16	37	45.44570190359235		1 0 0 0 0 0 1 1 1 0 
16	38	47.47824092044008		1 0 0 0 0 0 1 1 1 0 
16	39	48.16590023106466		1 0 0 0 0 0 1 1 1 0 
16	40	37.21178873730453		1 0 0 0 0 1 1 1 1 1 
16	41	47.88062480688195		1 0 0 1 0 0 1 1 1 1 
16	8	17.981024946207377		1 1 1 1 0 0 1 0 1 0 
16	9	16.749405483328548		1 1 1 1 0 0 1 0 1 0 
17	10	16.21568990712335		1 1 1 0 1 0 1 0 1 0 
17	11	13.948087436338001		1 1 1 1 0 1 1 1 1 0 
17	12	14.263661029887908		1 1 1 1 1 1 1 1 1 0 
17	13	14.749983002156705		1 1 1 1 0 1 1 1 1 0 
17	14	15.102996709812047		1 1 1 1 1 1 1 1 1 0 
17	15	15.193395931683822		1 1 1 1 1 1 1 1 1 0 
17	16	17.340615148698397		1 1 1 1 0 1 1 1 1 0 
17	17	19.111668349910946		1 1 1 1 1 1 1 1 1 0 
17	18	20.37994632401932		1 0 1 1 0 1 1 1 1 0 
17	19	22.58397708169101		1 0 1 1 1 1 1 1 1 0 
17	20	22.818438832271124		1 0 1 1 0 1 1 1 1 0 
17	21	23.881975097954466		1 0 1 1 0 1 1 1 1 0 
17	22	24.798266728707812		1 0 1 1 0 1 1 1 1 0 
17	23	26.20787731961007		1 0 1 1 0 1 1 1 1 0 
17	24	26.82058057335791		1 0 1 1 0 1 1 1 1 0 
17	25	27.88976564169264		1 0 1 0 0 0 1 1 1 0 
17	26	29.354872348586124		1 0 1 0 0 1 1 1 1 0 
17	27	31.43764965657088		0 0 1 0 0 1 1 1 1 0 
17	28	33.33198257751437		0 0 1 0 0 1 1 1 1 0 
17	29	33.769492711632026		0 0 0 0 0 1 1 1 1 0 
17	30	34.94472234535723		0 0 0 0 0 1 1 1 1 0 
17	31	36.70400206596426		0 0 0 0 0 1 1 1 1 0 
17	32	38.907561299569075		0 0 0 0 0 1 1 1 1 0 
17	33	39.18780640927094		0 0 0 0 0 1 1 1 1 0 
17	34	41.18258412270841		0 0 0 0 0 1 1 1 1 0 
17	35	31.354096243431012		0 0 0 0 0 1 1 1 1 0 
17	36	31.329978767933362		1 0 0 0 0 0 1 1 1 0 
17	37	44.83388066635568		1 0 0 0 0 0 1 1 1 0 
17	38	32.04085430718041		1 0 0 0 0 0 1 1 1 0 
17	39	43.659827830324154		1 0 0 0 0 0 1 1 1 0 
17	40	42.05522671874293		1 0 0 0 0 0 1 1 1 1 
17	41	33.73907707921755		1 0 0 0 0 0 1 1 1 1 
17	8	16.33615166826677		1 1 1 1 0 0 1 0 1 0 
17	9	15.696436319354293		1 1 1 1 0 0 1 0 1 0 
18	10	15.738606630217024		1 1 1 1 0 0 1 0 1 0 
18	11	13.69373530332369		1 1 1 1 0 1 1 0 1 0 
18	12	14.4015157899505		1 1 1 1 1 1 1 1 1 0 
18	13	14.440969680747635		1 1 1 1 1 1 1 1 1 0 
18	14	14.114656078726409		1 1 1 1 1 1 1 1 1 0 
18	15	15.758775753155087		1 1 1 1 1 1 1 1 1 0 
18	16	17.107216091438435		1 1 1 1 0 1 1 1 1 0 
18	17	18.407199562428687		1 1 1 1 0 1 1 1 1 0 
18	18	20.22436385908316		1 1 1 1 1 1 1 1 1 0 
18	19	21.096843620830672		1 0 1 1 0 1 1 1 1 0 
18	20	21.670331622921104		1 0 1 1 1 1 1 1 1 0 
18	21	23.162581124631267		1 0 1 1 0 1 1 1 1 0 
18	22	25.256339704704416		1 0 1 1 0 1 1 1 1 0 
18	23	25.345185021097805		1 0 1 1 0 1 1 1 1 0 
18	24	26.15177773504506		1 0 1 1 0 1 1 1 1 0 
18	25	25.511662746229764		1 0 1 0 0 1 1 1 1 0 
18	26	28.728818826680644		1 0 1 0 0 1 1 1 1 0 
18	27	29.69914631774435		1 0 1 0 0 1 1 1 1 0 
18	28	30.654500226791008		0 0 0 0 0 1 1 1 1 0 
18	29	33.112804997716665		0 0 0 0 0 1 1 1 1 0 
18	30	34.1324142588176		0 0 0 0 0 1 1 1 1 0 
18	31	36.50350703298532		0 0 0 0 0 1 1 1 1 0 
18	32	38.81738834671147		0 0 0 0 0 1 1 1 1 0 
18	33	38.848668541130436		0 0 0 0 0 1 1 1 1 0 
18	34	28.887579686162645		0 0 0 0 0 1 1 1 1 0 
18	35	30.161625479091168		0 0 0 0 0 1 1 1 1 0 
18	36	30.483885435138067		0 0 0 0 0 1 1 1 1 0 
18	37	31.017756170673866		0 0 0 0 0 1 1 1 1 0 
18	38	31.615409787761116		0 0 0 0 0 1 1 1 1 0 
18	39	35.419492117063		1 0 0 0 0 1 1 1 1 0 
18	40	44.208393146895546		1 0 0 0 0 0 1 1 1 0 
18	9	16.247265100075325		1 1 1 0 1 0 1 0 1 0 
19	10	15.635999170986068		1 1 1 1 0 0 1 0 1 0 
19	11	16.24526105790975		1 1 1 1 0 0 1 0 1 0 
19	12	12.527434863134323		1 1 1 1 1 1 1 1 1 0 
19	13	13.309849111205724		1 1 1 1 0 1 1 1 1 0 
19	14	14.146340681064116		1 1 1 1 0 1 1 1 1 0 
19	15	15.552877110822209		1 1 1 1 1 1 1 1 1 0 
19	16	16.298848679698253		1 1 1 1 0 1 1 1 1 0 
19	17	18.22596180737987		1 1 1 1 0 1 1 1 1 0 
19	18	19.473652825453023		1 1 1 1 1 1 1 1 1 0 
19	19	21.013508108158426		1 1 1 1 0 1 1 1 1 0 
19	20	21.94174776216888		1 0 1 1 0 1 1 1 1 0 
19	21	23.743447854419347		1 0 1 1 0 1 1 1 1 0 
19	22	24.719101423802115		1 0 1 1 1 1 1 1 1 0 
19	23	25.232612174728406		1 0 1 1 0 1 1 1 1 0 
19	24	26.589512756034974		1 0 1 1 0 1 1 1 1 0 
19	25	25.464109026590645		1 0 1 0 0 1 1 1 1 0 
19	26	28.700613727065644		1 0 1 0 0 1 1 1 1 0 
19	27	29.33908670276949		1 0 1 0 0 1 1 1 1 0 
19	28	30.816034192927823		1 0 1 0 0 1 1 1 1 0 
19	29	31.955210908378316		0 0 0 0 0 1 1 1 1 0 
19	30	33.88199789636881		0 0 0 0 0 1 1 1 1 0 
19	31	36.39396870357815		0 0 0 0 0 1 1 1 1 0 
19	32	37.77629483203891		0 0 0 0 0 1 1 1 1 0 
19	33	26.80522756466064		0 0 0 0 0 1 1 1 1 0 
19	34	28.557303997468512		0 0 0 0 0 1 1 1 1 0 
19	35	29.203349578435468		0 0 0 0 0 1 1 1 1 0 
19	36	29.48927227257847		0 0 0 0 0 1 1 1 1 0 
19	37	30.23946877812447		0 0 0 0 0 1 1 1 1 0 
19	38	42.66733766425471		0 0 0 0 0 1 1 1 1 0 
19	39	35.31908262671652		0 0 0 0 0 1 1 1 1 0 
19	40	40.349363085391545		0 0 0 0 0 1 1 1 1 0 
19	9	15.353690273275138		1 1 1 1 1 0 1 0 1 0 
1	37	13.297678610867768		1 0 0 1 0 1 1 1 1 0 
1	38	27.21805794981468		1 0 0 1 0 1 1 1 1 0 
1	39	31.670458964464448		1 0 0 1 0 1 1 1 1 0 
1	40	29.867604730094786		1 0 0 1 0 1 1 1 1 0 
1	41	29.83048889363752		1 0 0 1 0 1 1 0 1 0 
1	42	27.189367704223145		1 0 0 1 0 1 1 0 1 0 
1	43	31.717564538552008		1 0 0 1 0 1 1 0 1 0 
1	44	33.33106022181703		1 0 0 1 0 0 1 0 1 0 
1	45	34.8901405804113		1 0 0 1 0 0 1 0 1 0 
1	46	45.127914145757394		1 0 0 1 0 0 1 0 1 0 
1	47	24.848223840962994		1 0 0 1 0 1 1 0 1 0 
20	10	14.944975468359418		1 1 1 1 1 0 1 0 1 0 
20	11	14.352909327781962		1 1 1 1 1 0 1 0 1 0 
20	12	12.702460375648844		1 1 1 0 0 1 1 0 1 0 
20	13	14.393299353534484		1 1 1 1 0 1 1 1 1 0 
20	14	13.737185397133373		1 1 1 1 0 1 1 1 1 0 
20	15	15.144053912643821		1 1 1 1 1 1 1 1 1 0 
20	16	15.822974747015184		1 1 1 1 0 1 1 1 1 0 
20	17	17.867606588870228		1 1 1 1 1 1 1 1 1 0 
20	18	19.389104273499523		1 1 1 1 0 1 1 1 1 0 
20	19	20.39098873443724		1 0 1 1 1 1 1 1 1 0 
20	20	22.14947477106084		1 1 1 1 0 1 1 1 1 0 
20	21	23.159659657731535		1 0 1 1 0 1 1 1 1 0 
20	22	24.092295555072578		1 0 1 1 0 1 1 1 1 0 
20	23	25.31429982123677		1 0 1 1 0 1 1 1 1 0 
20	24	26.214758442637887		1 0 1 1 0 1 1 1 1 0 
20	25	25.715410077950715		1 0 1 0 0 1 1 1 1 0 
20	26	27.893907094215066		1 0 1 0 0 1 1 1 1 0 
20	27	30.234071974946904		1 0 1 0 0 1 1 1 1 0 
20	28	31.124098332594485		1 0 1 0 0 1 1 1 1 0 
20	29	33.66095789931987		0 0 0 0 0 1 1 1 1 0 
20	30	24.49912805196489		1 0 0 0 0 1 1 1 1 0 
20	31	25.159711770947162		0 0 0 0 0 1 1 1 1 0 
20	32	25.065861623803833		0 0 0 0 0 1 1 1 1 0 
20	33	27.150928257822244		0 0 0 0 0 1 1 1 1 0 
20	34	27.771589091661667		0 0 0 0 0 1 1 1 1 0 
20	35	28.0427531601784		0 0 0 0 0 1 1 1 1 0 
20	36	28.64130399657749		0 0 0 0 0 1 1 1 1 0 
20	37	27.279034743789747		0 0 0 0 0 1 1 1 1 0 
20	38	34.02429633201216		0 0 0 0 0 1 1 1 1 0 
20	39	40.98654004460063		0 0 0 0 0 1 1 1 1 0 
21	10	15.309423439316268		1 1 1 1 1 0 1 0 1 0 
21	11	15.386211039537141		1 1 1 1 1 0 1 0 1 0 
21	12	15.0412584779852		1 1 1 1 1 0 1 0 1 0 
21	13	13.3431662180876		1 1 1 1 1 1 1 1 1 0 
21	14	11.93875372885686		1 1 1 0 0 1 1 1 1 0 
21	15	13.549102982557837		1 1 1 1 1 1 1 1 1 0 
21	16	15.111356904178539		1 1 1 1 1 1 1 1 1 0 
21	17	16.404004898292694		1 1 1 1 1 1 1 1 1 0 
21	18	17.74356199624197		1 1 1 1 1 1 1 1 1 0 
21	19	19.461786420236443		1 1 1 1 0 1 1 1 1 0 
21	20	20.931813696235658		1 0 1 1 0 1 1 1 1 0 
21	21	25.14252012517706		1 0 1 1 0 1 1 1 1 0 
21	22	26.262904031989656		1 0 1 1 0 1 1 1 1 0 
21	23	26.68848517794737		1 0 1 1 0 1 1 1 1 0 
21	24	25.73798664419579		1 0 1 1 0 1 1 1 1 0 
21	25	25.64420603588446		1 0 1 1 0 1 1 1 1 0 
21	26	29.753459913917908		1 0 1 0 0 1 1 1 1 0 
21	27	31.189876687998574		1 0 1 0 0 1 1 1 1 0 
21	28	32.50987213997527		1 0 0 0 0 1 1 1 1 0 
21	29	23.581361407860307		1 0 0 0 0 1 1 1 1 0 
21	30	23.750881952836657		1 0 0 0 0 1 1 1 1 0 
21	31	24.82657704460827		0 0 0 0 0 1 1 1 1 0 
21	32	25.89000098021259		0 0 0 0 0 1 1 1 1 0 
21	33	25.56112645028982		0 0 0 0 0 1 1 1 1 0 
21	34	25.223976656461435		0 0 0 0 0 1 1 1 1 0 
21	35	26.67772988928286		0 0 0 0 0 1 1 1 1 0 
21	36	28.024623523469618		0 0 0 0 0 1 1 1 1 0 
21	37	28.11829074007261		0 0 0 0 0 1 1 1 1 0 
21	38	35.045985285035506		0 0 0 0 0 1 1 1 1 0 
21	39	42.17821941033451		0 0 0 0 0 1 1 1 1 0 
22	11	15.354572816917331		1 1 1 1 1 0 1 0 1 0 
22	12	14.707719353303794		1 1 1 1 1 0 1 0 1 0 
22	13	13.496403841736267		1 1 1 1 1 0 1 0 1 0 
22	14	13.264174252808072		1 1 1 1 1 1 1 1 1 0 
22	15	12.985872327229504		1 1 1 1 0 1 1 1 1 0 
22	16	14.188508952733262		1 1 1 1 0 1 1 1 1 0 
22	17	15.723276045640002		1 1 1 1 1 1 1 1 1 0 
22	18	17.501063947945614		1 1 1 1 1 1 1 1 1 0 
22	19	18.61912731761259		1 1 1 1 1 1 1 1 1 0 
22	20	19.99168484476801		1 0 1 1 0 1 1 1 1 0 
22	21	22.307732644934976		1 0 1 1 0 1 1 1 1 0 
22	22	25.335104265883768		1 0 1 1 0 1 1 1 1 0 
22	23	26.19646407291683		1 0 1 1 0 1 1 1 1 0 
22	24	27.715868316295982		1 0 1 1 0 1 1 1 1 0 
22	25	25.23842805864773		1 0 1 1 0 1 1 1 1 0 
22	26	29.145110736346762		1 0 1 1 0 1 1 1 1 0 
22	27	30.566980782722805		1 0 1 0 0 1 1 1 1 0 
22	28	31.79674207185709		1 0 0 0 0 1 1 1 1 0 
22	29	31.80128613390085		1 0 0 0 0 1 1 1 1 0 
22	30	23.748489065636083		1 0 0 0 0 1 1 1 1 0 
22	31	24.779501432653927		1 0 0 0 0 1 1 1 1 0 
22	32	25.45525315424584		1 0 0 0 0 1 1 1 1 0 
22	33	26.483073590952866		0 0 0 0 0 1 1 1 1 0 
22	34	39.60165139105678		0 0 0 0 0 1 1 1 1 0 
22	35	41.06121615811411		0 0 0 0 0 1 1 1 1 0 
22	36	42.64265750999727		0 0 0 0 0 1 1 1 1 0 
22	37	33.288423051966824		0 0 0 0 0 1 1 1 1 0 
22	38	34.65705707623049		0 0 0 0 0 1 1 1 1 0 
22	39	35.60326034524982		0 0 0 0 0 1 1 1 1 0 
23	11	16.122159865975796		1 1 1 1 1 0 1 0 1 0 
23	12	16.234511297373672		1 1 1 1 1 0 1 0 1 0 
23	13	15.006931937571828		1 1 1 1 1 0 1 0 1 0 
23	14	12.72824022606225		1 1 1 1 1 1 1 1 1 0 
23	15	13.528914823123307		1 1 1 1 0 1 1 1 1 0 
23	16	14.225707137263484		1 1 1 1 0 1 1 1 1 0 
23	17	15.382272142345101		1 1 1 1 1 1 1 1 1 0 
23	18	16.638342633002257		1 1 1 1 1 1 1 1 1 0 
23	19	18.087994865739976		1 1 1 1 0 1 1 1 1 0 
23	20	20.016149719362403		1 0 1 1 0 1 1 1 1 0 
23	21	23.683172198022437		1 0 1 1 0 1 1 1 1 0 
23	22	25.373323534284925		1 0 1 1 0 1 1 1 1 0 
23	23	26.07794113721653		1 0 1 1 0 1 1 1 1 0 
23	24	27.511904389281167		1 0 1 1 0 1 1 1 1 0 
23	25	26.190150628969374		1 0 1 1 0 1 1 1 1 0 
23	26	28.42735714548444		1 0 1 0 0 1 1 1 1 0 
23	27	29.885521752828474		1 0 1 1 0 1 1 1 1 0 
23	28	31.544641353989512		1 0 0 0 0 1 1 1 1 0 
23	29	31.729215691420375		1 0 0 0 0 1 1 1 1 0 
23	30	33.65101593586532		1 0 0 0 0 1 1 1 1 0 
23	31	36.66263824253303		0 0 0 0 0 1 1 1 1 0 
23	32	37.40799144351458		0 0 0 0 0 1 1 1 1 0 
23	33	38.102034054541285		0 0 0 0 0 1 1 1 1 0 
23	34	38.84483332372036		0 0 0 0 0 1 1 1 1 0 
23	35	42.317581415407375		0 0 0 0 0 1 1 1 1 0 
23	36	42.69822745491594		0 0 0 0 0 1 1 1 1 0 
23	37	32.385686733336826		0 0 0 0 0 1 1 1 1 0 
23	38	36.48945123285127		0 0 0 0 0 1 1 1 1 0 
24	12	18.00073444989401		1 1 1 1 1 0 1 0 1 0 
24	13	16.119413298096774		1 1 1 1 1 0 1 0 1 0 
24	14	13.761179875528773		1 1 1 1 1 0 1 0 1 0 
24	15	14.098904055372591		1 1 1 1 1 1 1 1 1 0 
24	16	13.900431078829142		1 1 1 1 1 1 1 1 1 0 
24	17	15.470716044335248		1 1 1 1 1 1 1 1 1 0 
24	18	16.13709247779899		1 1 1 1 0 1 1 1 1 0 
24	19	17.127094305147097		1 1 1 1 0 1 1 1 1 0 
24	20	20.927787196271794		1 0 1 1 0 1 1 1 1 0 
24	21	17.626530647560543		1 1 1 1 1 1 1 1 1 0 
24	22	24.77190159470159		1 0 1 1 0 1 1 1 1 0 
24	23	25.22627667831651		1 0 1 1 0 1 1 1 1 0 
24	24	26.723103294893935		1 0 1 1 0 1 1 1 1 0 
24	25	24.493563852338106		1 0 1 1 0 1 1 1 1 0 
24	26	27.99873686139691		1 0 1 0 0 1 1 1 1 0 
24	27	29.54869925309583		1 0 0 1 0 1 1 1 1 0 
24	28	31.019650105176723		1 0 0 0 0 1 1 1 1 0 
24	29	30.9112565446761		1 0 0 0 0 1 1 1 1 0 
24	30	34.01724377622931		1 0 0 0 0 1 1 1 1 0 
24	31	35.70244479181179		0 0 0 0 0 1 1 1 1 0 
24	32	37.27813470046815		0 0 0 0 0 1 1 1 1 0 
24	33	37.793389548531486		0 0 0 0 0 1 1 1 1 0 
24	34	39.17847830212887		0 0 0 0 0 1 1 1 1 0 
24	35	41.66080250263419		0 0 0 0 0 1 1 1 1 0 
24	36	40.18964454375679		0 0 0 0 0 1 1 1 1 0 
24	37	33.57917577336566		0 0 0 0 0 1 1 1 1 0 
24	38	41.824627637054256		0 0 0 0 0 1 1 1 1 0 
25	12	17.680473621443568		1 1 1 1 1 0 1 0 1 0 
25	13	16.79403931256291		1 1 1 1 1 0 1 0 1 0 
25	14	15.977275244149357		1 1 1 1 1 0 1 0 1 0 
25	15	12.74815483193311		1 1 1 1 0 1 1 1 1 0 
25	16	13.759620503358194		1 1 1 1 0 1 1 1 1 0 
25	17	15.307104904460306		1 1 1 1 0 1 1 1 1 0 
25	18	16.78118475943286		1 1 1 1 0 1 1 1 1 0 
25	19	17.4791645233356		1 1 1 1 0 1 1 1 1 0 
25	20	20.81391035168868		1 0 1 1 0 1 1 1 1 0 
25	21	22.00294428613255		1 0 1 1 0 1 1 1 1 0 
25	22	24.67506737981146		1 0 1 1 0 1 1 1 1 0 
25	23	25.243041501079553		1 0 1 1 0 1 1 1 1 0 
25	24	26.317016926447128		1 0 1 0 0 1 1 1 1 0 
25	25	24.25904180715674		1 0 1 1 0 1 1 1 1 0 
25	26	26.829569234227773		1 0 1 1 0 1 1 1 1 0 
25	27	29.39568439470095		1 0 0 0 0 1 1 1 1 0 
25	28	30.569076532253362		1 0 0 0 0 1 1 1 1 0 
25	29	31.423166966036707		1 0 0 0 0 1 1 1 1 0 
25	30	34.83922744670859		1 0 0 0 0 1 1 1 1 0 
25	31	36.04111861397137		1 0 0 0 0 1 1 1 1 0 
25	32	36.68846789645786		1 0 0 0 0 1 1 1 1 0 
25	33	37.7048047152626		1 0 0 0 0 1 1 1 1 0 
25	34	39.26081234441837		0 0 0 0 0 1 1 1 1 0 
25	35	39.99967224427081		0 0 0 0 0 1 1 1 1 0 
25	36	31.111576383223277		0 0 0 0 0 1 1 1 1 0 
25	37	37.515058518644985		0 0 0 0 0 1 1 1 1 0 
26	13	17.186182325519756		1 1 1 1 1 0 1 0 1 0 
26	14	16.95467816794307		1 1 1 1 1 0 1 0 1 0 
26	15	15.065915054701561		1 1 1 1 1 0 1 0 0 0 
26	16	13.12119772811424		1 1 1 1 1 1 1 1 1 0 
26	17	15.418467283417243		1 1 1 1 0 1 1 1 1 0 
26	18	15.738990947782074		1 1 1 1 1 1 1 1 1 0 
26	19	18.047773752086954		1 1 1 1 0 1 1 1 1 0 
26	20	21.27450212607115		1 0 1 1 0 1 1 1 1 0 
26	21	22.272732189362085		1 0 1 1 0 1 1 1 1 0 
26	22	23.501926953053953		1 0 1 1 0 1 1 1 1 0 
26	23	24.696885187200888		1 0 1 1 0 1 1 1 1 0 
26	24	26.145610907895694		1 0 1 1 0 1 1 1 1 0 
26	25	24.58444347481607		1 0 1 1 0 1 1 1 1 0 
26	26	27.159277214085712		1 0 1 1 0 1 1 1 1 0 
26	27	29.720360946746613		1 0 0 0 0 1 1 1 1 0 
26	28	30.1215262534544		1 0 0 0 0 1 1 1 1 0 
26	29	30.784922488961996		1 0 0 0 0 1 1 1 1 0 
26	30	34.32695665678072		1 0 0 0 0 1 1 1 1 0 
26	31	35.3681376880303		1 0 0 0 0 1 1 1 1 0 
26	32	36.81113576248489		1 0 0 0 0 1 1 1 1 0 
26	33	38.360960742792045		1 0 0 0 0 1 1 1 1 0 
26	34	39.87956602474783		0 0 0 0 0 1 1 1 1 0 
26	35	41.0706507429118		0 0 0 0 0 1 1 1 1 0 
26	36	32.020221873561		0 0 0 0 0 1 1 1 1 0 
26	37	34.710905766822236		0 0 0 0 0 1 1 1 1 0 
27	13	13.47104071114132		1 1 1 1 1 0 1 0 1 0 
27	14	17.463505700762575		1 1 1 1 1 0 1 0 1 0 
27	15	17.286886239158477		1 1 1 1 1 0 1 0 1 0 
27	16	12.413924530910881		1 1 1 1 1 1 1 1 1 0 
27	17	14.875638350204877		1 1 1 1 1 1 1 1 1 0 
27	18	16.611763044728367		1 1 1 1 1 1 1 1 1 0 
27	19	19.0835476167065		1 1 1 1 0 1 1 1 1 0 
27	20	21.152737506274015		1 1 1 1 0 1 1 1 1 0 
27	21	22.76857262434969		1 0 1 1 0 1 1 1 1 0 
27	22	23.643497799049612		1 0 1 0 0 1 1 1 1 0 
27	23	24.141963094634505		1 0 1 1 0 1 1 1 1 0 
27	24	25.733934388546626		1 0 1 1 0 1 1 1 1 0 
27	25	24.903703155508296		1 0 1 1 0 1 1 1 1 0 
27	26	25.748737656734953		1 0 1 0 0 1 1 1 1 0 
27	27	29.62778753241394		1 0 0 0 0 1 1 1 1 0 
27	28	30.968704395064087		1 0 0 0 0 1 1 1 1 0 
27	29	31.336840027896653		1 0 0 0 0 1 1 1 1 0 
27	30	34.73391186460649		1 0 0 0 0 1 1 1 1 0 
27	31	36.243500462817636		1 0 0 0 0 1 1 1 1 0 
27	32	37.35584373493737		1 0 0 0 0 1 1 1 1 0 
27	33	38.39767656418789		0 0 0 0 0 1 1 1 1 0 
27	34	39.46472708577398		0 0 0 0 0 1 1 1 1 0 
27	35	34.040524159008925		0 0 0 0 0 1 1 1 1 0 
27	36	38.58453893396498		0 0 0 0 0 1 1 1 1 0 
27	37	34.40611622326879		0 0 0 0 0 1 1 1 1 0 
28	14	18.9507224302734		1 1 1 1 1 0 1 0 1 0 
28	15	18.75355873213471		1 1 1 1 1 0 1 0 1 0 
28	16	17.25316601992709		1 1 1 1 1 0 1 0 1 0 
28	17	14.194046780540832		1 1 1 1 1 1 1 1 1 0 
28	18	16.502444155569723		1 1 1 1 0 1 1 1 1 0 
28	19	19.319827234021552		1 1 1 1 0 1 1 1 1 0 
28	20	20.24898655400096		1 0 1 1 0 1 1 1 1 0 
28	21	22.452091870395797		1 0 1 1 0 1 1 1 1 0 
28	22	24.068134625023237		1 0 1 1 0 1 1 1 1 0 
28	23	25.345991759299057		1 0 1 0 0 1 1 1 1 0 
28	24	24.03783660334161		1 0 1 0 0 1 1 1 1 0 
28	25	23.642964918440637		1 0 1 1 0 1 1 1 1 0 
28	26	24.125845860988026		1 0 1 1 0 1 1 1 1 0 
28	27	22.17995350159644		1 0 0 0 0 1 1 1 1 0 
28	28	31.245721579842144		1 0 0 0 0 1 1 1 1 0 
28	29	31.93741483057769		1 0 0 0 0 1 1 1 1 0 
28	30	35.01396762371658		1 0 0 0 0 1 1 1 1 0 
28	31	36.64232553784449		1 0 0 0 0 1 1 1 1 0 
28	32	37.25149776844753		1 0 0 0 0 1 1 1 1 0 
28	33	39.088562162811165		0 0 0 0 0 1 1 1 1 0 
28	34	40.31408517707879		0 0 0 0 0 1 1 1 1 0 
28	35	35.06071002345676		1 0 0 0 0 1 1 1 1 0 
28	36	41.54511206104607		0 0 0 0 0 1 1 1 1 0 
29	15	17.933671831070416		1 1 1 1 1 0 1 0 1 0 
29	16	18.130945901180798		1 0 1 1 1 0 1 0 1 0 
29	17	12.46850479354258		1 1 1 1 1 1 1 1 1 0 
29	18	16.19641397720449		1 1 1 1 0 1 1 1 1 0 
29	19	18.841189615527636		1 1 1 1 0 1 1 1 1 0 
29	20	20.154884492983474		1 1 1 1 0 1 1 1 1 0 
29	21	21.160707977288777		1 0 1 0 0 1 1 1 1 0 
29	22	23.245035965423565		1 0 1 0 0 1 1 1 1 0 
29	23	24.412243829502458		1 0 1 0 0 1 1 1 1 0 
29	24	24.320025218487935		1 0 1 1 0 1 1 1 1 0 
29	25	22.727971893084693		1 0 1 1 0 1 1 1 1 0 
29	26	24.381300788859242		1 0 1 0 0 1 1 1 1 0 
29	27	21.25762313687492		1 0 0 0 0 1 1 1 1 0 
29	28	21.731487641149837		1 0 0 0 0 1 1 1 1 0 
29	29	33.30171658838581		1 0 0 0 0 1 1 1 1 0 
29	30	35.75826540595432		1 0 0 0 0 1 1 1 1 0 
29	31	36.19358931247581		1 0 0 0 0 1 1 1 1 0 
29	32	37.89441252016027		0 0 0 0 0 1 1 1 1 0 
29	33	39.63574175736402		0 0 0 0 0 1 1 1 1 0 
29	34	38.69280859721311		0 0 0 0 0 1 1 1 1 0 
29	35	37.063131682929246		1 0 0 0 0 1 1 1 1 0 
29	36	37.66039313504074		0 0 0 0 0 1 1 1 1 0 
2	25	15.815819501000593		1 0 0 1 0 0 1 1 1 0 
2	26	22.765308406480685		1 0 0 1 0 0 1 1 1 0 
2	27	23.814462775849226		1 0 0 1 0 0 1 1 1 0 
2	28	24.69250297537491		1 0 0 1 0 0 1 1 1 0 
2	29	23.155673818633378		1 0 1 1 0 0 1 1 1 0 
2	30	23.430803813236793		1 0 0 1 0 1 1 1 1 0 
2	31	24.889301967610866		1 0 0 1 0 1 1 1 1 1 
2	32	26.62241027241314		1 0 0 1 0 1 1 1 1 1 
2	33	25.923833579583235		1 0 0 1 0 1 1 1 1 1 
2	34	27.445823789551465		1 0 0 1 0 1 1 1 1 0 
2	35	28.781534974164572		1 0 0 1 0 1 1 1 1 0 
2	36	29.072503242034077		1 0 0 1 0 1 1 1 1 0 
2	37	30.08529596929417		1 0 0 1 0 1 1 1 1 0 
2	38	29.32273662079838		1 0 0 1 0 1 1 1 1 0 
2	39	27.88976680918749		1 0 0 1 0 1 0 1 1 0 
2	40	29.577659824470864		1 0 0 1 0 0 1 1 1 0 
2	41	30.058315696480374		1 0 0 1 0 0 1 1 1 0 
2	42	24.84224951953503		1 0 0 1 0 1 0 1 1 0 
2	43	26.860629878998502		1 0 0 1 0 0 0 1 1 0 
2	44	30.492839747606464		1 0 0 1 0 0 0 0 1 0 
2	45	30.47780308763716		1 0 0 1 0 0 0 0 1 0 
2	46	32.458499095722026		1 0 0 1 0 0 0 0 1 0 
2	47	37.15913634986621		1 0 0 1 0 1 1 0 1 0 
30	15	20.775125254093787		1 0 1 1 1 0 1 0 1 0 
30	16	19.86328164340012		1 1 1 1 1 0 1 0 1 0 
30	17	19.06529103291524		1 1 1 1 1 0 1 0 1 0 
30	18	14.103549019441118		1 1 1 1 0 1 1 1 1 0 
30	19	17.90564393546105		1 1 1 1 0 1 1 1 1 0 
30	20	19.637741041160833		1 0 1 1 1 1 1 1 1 0 
30	21	20.99981494017609		1 0 1 1 0 1 1 1 1 0 
30	22	16.899051545622154		1 0 1 1 0 1 1 1 1 0 
30	23	17.864182018007202		1 0 1 1 0 1 1 1 1 0 
30	24	18.001985605289267		1 0 1 1 0 1 1 1 1 0 
30	25	23.50825083381271		1 0 1 0 0 1 1 1 1 0 
30	26	20.759628934472186		1 0 0 1 0 1 1 1 1 0 
30	27	21.809869168167733		1 0 0 0 0 1 1 1 1 0 
30	28	22.27609583992193		1 0 0 0 0 1 1 1 1 0 
30	29	34.64779815749379		1 0 0 0 0 1 1 1 1 0 
30	30	35.93791227352607		1 0 0 0 0 1 1 1 1 0 
30	31	36.20126141230306		1 0 0 0 0 1 1 1 1 0 
30	32	37.515868086788466		0 0 0 0 0 1 1 1 1 0 
30	33	38.74807870929195		0 0 0 0 0 1 1 1 1 0 
30	34	33.61500048005207		1 0 0 0 0 1 1 1 1 0 
30	35	38.64859872894503		0 0 0 0 0 1 1 1 1 0 
31	16	21.225708061415737		1 1 1 1 1 0 1 0 1 0 
31	17	20.861404941823128		1 1 1 1 1 0 1 0 1 0 
31	18	14.916723770159527		1 1 1 1 0 0 1 0 1 0 
31	19	15.321907012924093		1 1 1 1 0 1 1 1 1 0 
31	20	18.431049723280726		1 1 1 0 0 1 1 1 1 0 
31	21	18.15353422505548		1 0 1 1 0 1 1 1 1 0 
31	22	20.305404155716563		1 0 1 1 0 1 1 1 1 0 
31	23	16.409477648565094		1 0 1 1 0 1 1 1 1 0 
31	24	16.707829931719573		1 0 1 1 0 1 1 1 1 0 
31	25	16.269886060010105		1 0 1 1 0 1 1 1 1 0 
31	26	22.056706944997934		0 0 0 0 0 1 1 1 1 0 
31	27	22.518421918870565		0 0 0 0 0 1 1 1 1 0 
31	28	23.83478367096168		0 0 0 0 0 1 1 1 1 0 
31	29	23.895424374391485		1 0 0 0 0 1 1 1 1 0 
31	30	34.729038300162		0 0 0 0 0 1 1 1 1 0 
31	31	36.94425354148739		0 0 0 0 0 1 1 1 1 0 
31	32	37.07041193973549		0 0 0 0 0 1 1 1 1 0 
31	33	38.23679628980971		0 0 0 0 0 1 1 1 1 0 
31	34	35.33181955134819		1 0 0 0 0 1 1 1 1 0 
31	35	39.63816632044727		0 0 0 0 0 1 1 1 1 0 
32	16	21.145522302177028		1 1 1 1 1 0 1 0 1 0 
32	17	22.386129354651356		1 1 1 1 1 0 1 0 1 0 
32	18	23.02917967823835		1 1 1 1 1 0 1 0 1 0 
32	19	14.967584225282389		1 1 1 1 0 0 1 1 1 0 
32	20	18.5870728385703		1 1 1 1 0 0 1 1 1 0 
32	21	13.789175381833822		1 1 1 1 0 1 1 1 1 0 
32	22	20.389694792195808		1 0 1 1 0 1 1 1 1 0 
32	23	16.742786980564595		1 0 1 1 0 1 1 1 1 0 
32	24	22.751758331199166		1 0 1 0 0 1 1 1 1 0 
32	25	16.509776176439694		1 0 1 0 0 1 1 1 1 0 
32	26	22.109352533786783		0 0 0 0 0 1 1 1 1 0 
32	27	22.539025935541364		0 0 0 0 0 1 1 1 1 0 
32	28	21.746312746802136		0 0 0 0 0 1 1 1 1 0 
32	29	24.76669524776009		1 0 0 0 0 1 1 1 1 0 
32	30	25.16114956922941		0 0 0 0 0 1 1 1 1 0 
32	31	25.09252985883111		0 0 0 0 0 1 1 1 1 0 
32	32	36.654979293745946		0 0 0 0 0 1 1 1 1 0 
32	33	33.52374890648119		0 0 0 0 0 1 1 1 1 0 
32	34	37.410750167770686		0 0 0 0 0 1 1 1 1 0 
32	35	29.436130362228162		0 0 0 0 0 1 1 1 1 0 
33	17	22.307074079637008		1 1 1 1 1 0 1 0 1 0 
33	18	24.241278371728413		1 1 1 1 1 0 1 0 1 0 
33	19	15.72293301000495		1 1 1 1 1 0 1 0 1 0 
33	20	16.055414084974633		1 1 1 1 0 0 1 1 1 0 
33	21	13.14820439504434		1 1 1 1 0 1 1 1 1 0 
33	22	18.64056363813399		1 0 1 1 0 1 1 1 1 0 
33	23	23.347011342227262		1 0 1 1 0 1 1 1 1 0 
33	24	23.819540260816115		1 0 0 0 0 1 1 1 1 0 
33	25	20.553763938009055		1 0 0 0 0 1 1 1 1 0 
33	26	22.55826404210167		1 0 0 0 0 1 1 1 1 0 
33	27	23.18472477664222		1 0 0 0 0 1 1 1 1 0 
33	28	23.939375534194117		1 0 0 0 0 1 1 1 1 0 
33	29	24.54641030540286		0 0 0 0 0 1 1 1 1 0 
33	30	26.50336428989242		0 0 0 0 0 1 1 1 1 0 
33	31	24.68562838387693		0 0 0 0 0 1 1 1 1 0 
33	32	26.036505755276835		0 0 0 0 0 1 1 1 1 0 
33	33	36.43399483553291		0 0 0 0 0 1 1 1 1 0 
33	34	39.325570048272496		0 0 0 0 0 1 1 1 1 0 
34	17	20.98566781408883		1 1 1 1 1 0 1 0 1 0 
34	18	23.358031548612846		1 1 1 1 1 0 1 0 0 0 
34	19	25.899217412691264		1 1 1 1 1 0 1 0 1 0 
34	20	15.298164234624666		1 1 1 1 0 0 1 0 0 0 
34	21	10.353876085477424		1 1 1 1 0 1 1 1 1 0 
34	22	17.551483401259333		1 0 1 1 0 1 1 1 1 0 
34	23	22.555096558568863		1 0 1 1 0 1 1 1 1 0 
34	24	23.566548884655994		1 0 1 0 0 1 1 1 1 0 
34	25	22.507627232154		1 0 1 0 0 1 1 1 1 0 
34	26	24.143501551866375		1 0 0 0 0 1 1 1 1 0 
34	27	31.792054715706783		1 0 0 0 0 1 1 1 1 0 
34	28	26.020220947352556		1 0 0 0 0 1 1 1 1 0 
34	29	26.55121435556682		0 0 0 0 0 1 1 1 1 0 
34	30	26.37721156540464		0 0 0 0 0 1 1 1 1 0 
34	31	26.09370019031758		0 0 0 0 0 1 1 1 1 0 
34	32	38.163998626992345		0 0 0 0 0 1 1 1 1 0 
34	33	39.249604085742945		0 0 0 0 0 1 1 1 1 0 
34	34	39.110188489770145		0 0 0 0 0 1 1 1 1 0 
35	18	23.92120258317056		1 1 1 1 1 0 1 0 1 0 
35	19	25.419169688116753		1 1 1 1 1 0 1 0 1 0 
35	20	22.747225977089006		1 1 1 1 1 0 1 0 0 0 
35	21	8.274066333966202		1 1 1 1 0 1 1 1 1 0 
35	22	15.587726505385834		1 0 1 1 0 1 1 1 1 0 
35	23	21.693765542518854		1 0 1 1 0 1 1 1 1 0 
35	24	23.663266459462285		1 0 0 0 0 1 1 1 1 0 
35	25	24.134575016028272		1 0 0 0 0 1 1 1 1 0 
35	26	24.279637631214662		1 0 0 0 0 1 1 1 1 0 
35	27	21.834846144680064		1 0 0 0 0 1 1 1 1 0 
35	28	26.426213410746925		0 0 0 0 0 1 1 1 1 0 
35	29	38.07032043793536		1 0 0 0 0 1 1 1 1 0 
35	30	38.475177040731985		1 0 0 0 0 1 1 1 1 0 
35	31	31.012693264850004		0 0 0 0 0 1 1 1 1 0 
35	32	39.852502933633154		1 0 0 0 0 1 1 1 1 0 
35	33	41.1290634809901		0 0 0 0 0 1 1 1 1 0 
36	18	23.559960132208044		1 1 1 1 1 0 0 0 1 0 
36	19	25.442852039797984		1 1 1 1 1 0 0 0 1 0 
36	20	26.327425849022756		1 1 1 1 1 0 0 0 0 0 
36	21	16.206485237772572		1 0 1 1 1 0 1 0 1 0 
36	22	12.122575895582147		1 0 1 1 0 1 1 1 1 0 
36	23	19.04557822956715		1 0 1 0 0 1 1 1 1 0 
36	24	22.79904293629856		1 0 0 0 0 1 1 1 1 0 
36	25	18.681268315610332		1 0 0 1 0 1 1 1 1 0 
36	26	23.08915504758489		1 0 0 0 0 1 1 1 1 0 
36	27	26.0254598610627		1 0 0 0 0 1 1 1 1 0 
36	28	26.197599666182754		0 0 0 0 0 1 1 1 1 0 
36	29	27.14425742084907		1 0 0 0 0 1 1 1 1 0 
36	30	38.06634761391029		0 0 0 0 0 1 1 1 1 0 
36	31	39.67504566027109		0 0 0 0 0 1 1 1 1 0 
36	32	40.388297850791496		1 0 0 0 0 1 1 1 1 0 
36	33	43.39431987534625		1 0 0 0 0 1 1 1 1 0 
37	19	26.599042631335255		1 1 1 1 1 0 1 0 0 0 
37	20	26.83246249761518		1 1 1 1 1 0 0 0 1 0 
37	21	23.372364742007402		1 1 1 1 1 0 1 0 0 0 
37	22	9.301821183958847		1 1 1 1 0 1 1 1 1 0 
37	23	15.986648192551517		1 0 1 1 0 1 1 1 1 0 
37	24	21.492935273278402		1 0 1 1 0 1 1 1 1 0 
37	25	18.289211894082808		1 0 0 0 0 1 1 1 1 0 
37	26	30.48892451222251		1 0 0 0 0 1 1 1 1 0 
37	27	23.084252518320426		1 0 0 0 0 1 1 1 1 0 
37	28	26.827383688898863		1 0 0 0 0 1 1 1 1 0 
37	29	28.279607517588115		1 0 0 0 0 1 1 1 1 0 
37	30	26.180763310067025		0 0 0 0 0 1 1 1 1 0 
37	31	41.119119600128876		0 0 0 0 0 1 1 1 1 0 
37	32	43.734711468706365		1 0 0 0 0 1 1 1 1 0 
37	33	35.649938422455676		1 0 0 0 0 1 1 1 1 0 
38	19	25.41294238273696		1 1 1 1 1 0 0 0 1 0 
38	20	27.777677732547094		1 1 1 1 1 0 0 0 1 0 
38	21	27.90687906308536		1 1 1 1 1 0 1 0 1 0 
38	22	20.097997444401756		1 1 1 1 1 0 0 0 0 0 
38	23	12.355141959742529		1 0 1 1 0 1 1 1 1 0 
38	24	19.54407574599207		1 0 1 1 0 1 1 1 1 0 
38	25	16.8525994325575		1 0 0 1 0 1 1 1 1 0 
38	26	29.28161360548571		1 0 0 0 0 1 1 1 1 0 
38	27	21.530408827499212		1 0 0 0 0 1 1 1 1 0 
38	28	26.793035929869916		1 0 0 0 0 1 1 1 1 0 
38	29	23.715935269991064		0 0 0 0 0 1 1 1 1 0 
38	30	25.9144944176248		0 0 0 0 0 1 1 1 1 0 
38	31	40.49057855721427		0 0 0 0 0 1 1 1 1 0 
38	32	41.21964341208142		0 0 0 0 0 1 1 1 1 0 
39	20	28.003724453973863		1 1 1 1 1 0 1 0 0 0 
39	21	29.447812313171355		1 1 1 1 1 0 1 0 0 0 
39	22	26.460408540232155		1 1 1 1 1 0 0 0 0 0 
39	23	12.420914680360612		1 0 1 1 1 1 1 1 1 0 
39	24	15.054064555656891		1 0 0 1 0 1 1 1 1 0 
39	25	21.056914087237182		1 0 0 0 0 1 1 1 1 0 
39	26	24.313697925292193		1 0 0 0 0 1 1 1 1 0 
39	27	25.09427214195502		1 0 0 0 0 1 1 1 1 0 
39	28	33.50512715136499		0 0 0 0 0 1 1 1 1 0 
39	29	23.80836915564993		0 0 0 0 0 1 1 1 1 0 
39	30	37.33237482771676		0 0 0 0 0 1 1 1 1 0 
39	31	39.10987444625692		0 0 0 0 0 1 1 1 1 0 
39	32	41.311672890257576		0 0 0 0 0 1 1 1 1 0 
3	12	15.68583682542755		1 1 1 1 1 0 1 1 1 0 
3	13	19.357090704470302		1 1 1 1 0 0 1 1 1 0 
3	14	21.094076152384137		1 1 1 1 0 0 1 1 1 0 
3	15	20.51419216153177		1 1 1 1 0 0 1 1 1 0 
3	16	21.86555944440452		1 1 1 1 1 0 1 1 1 0 
3	17	22.589460264712972		1 1 1 1 0 0 1 1 1 0 
3	18	22.789798821929715		1 1 1 1 0 0 1 1 1 0 
3	19	23.85232754296602		1 1 1 1 0 0 1 1 1 0 
3	20	23.945868247609095		1 1 1 1 0 0 1 1 1 0 
3	21	25.67440291937377		1 1 1 1 0 0 1 1 1 0 
3	22	25.281985607606654		1 0 1 1 0 0 1 1 1 0 
3	23	25.60598904690811		1 0 1 1 0 0 1 1 1 0 
3	24	24.225065434934596		1 0 1 1 0 0 1 1 1 0 
3	25	24.532839609448708		1 0 1 1 0 0 1 1 1 0 
3	26	23.111340733453467		1 0 1 1 0 0 1 1 1 0 
3	27	22.179791359474386		1 0 1 1 0 0 1 1 1 0 
3	28	21.838887720528007		1 0 1 1 0 0 1 1 1 0 
3	29	21.547245483700596		1 0 0 1 0 0 1 1 1 0 
3	30	21.8695593137883		1 0 0 1 0 1 1 1 1 1 
3	31	20.059936497423323		1 0 0 1 0 1 1 1 1 1 
3	32	20.788455870724718		1 0 0 1 0 1 1 1 1 1 
3	33	20.772862873755134		1 0 0 1 0 1 1 1 1 1 
3	34	21.618117972230188		1 0 0 1 0 1 1 1 1 0 
3	35	21.865653356782303		1 0 0 1 0 1 1 1 1 1 
3	36	23.460604646132104		1 0 0 1 0 1 1 1 1 1 
3	37	24.46161609703019		0 0 0 1 0 1 0 1 1 0 
3	38	25.435745081620308		0 0 0 1 0 1 0 1 1 0 
3	39	26.47314530608676		0 0 0 1 0 1 1 1 1 0 
3	40	26.78599219396215		1 0 0 1 0 0 0 1 1 0 
3	41	27.54129934145399		1 0 0 1 0 0 0 1 1 0 
3	42	27.372849891524968		1 0 0 1 0 0 0 1 1 0 
3	43	31.148098091262522		1 0 0 1 0 0 1 1 1 0 
3	44	30.72763356123328		1 0 0 1 0 0 0 1 1 0 
3	45	32.001649734521685		1 0 0 1 0 0 1 0 1 0 
3	46	33.29256460063854		1 0 0 1 0 0 1 0 1 0 
40	20	23.5990190339121		1 1 1 1 1 0 1 0 0 0 
40	21	31.06138518656676		1 1 1 1 1 0 1 0 0 0 
40	22	31.198692845471406		1 1 1 1 1 0 0 0 0 0 
40	23	19.885593573591937		1 0 1 1 1 0 0 0 0 0 
40	24	8.467085326448002		1 0 1 1 1 1 1 1 1 0 
40	25	17.875574111635032		1 0 0 1 0 1 1 1 1 0 
40	26	9.608319689903277		1 0 1 1 0 1 1 1 1 0 
40	27	26.70591303741874		1 0 0 0 0 1 1 1 1 0 
40	28	32.461995179808135		0 0 0 0 0 1 1 1 1 0 
40	29	27.63772803588908		0 0 0 0 0 1 1 1 1 0 
40	30	38.41428100564894		0 0 0 0 0 1 1 1 1 0 
40	31	38.92094701575048		0 0 0 0 0 1 1 1 1 0 
41	21	30.248285705594483		1 1 1 1 1 0 1 0 0 0 
41	22	31.938274492379644		1 1 1 1 1 0 0 0 0 0 
41	23	27.144432279900542		1 1 1 1 1 0 1 0 0 0 
41	24	16.178951389724045		1 0 1 1 0 0 1 0 0 0 
41	25	12.813660680748171		1 0 0 0 0 1 1 1 1 0 
41	26	15.276733123914036		1 0 1 1 0 0 0 1 1 0 
41	27	24.369723838568504		1 0 0 0 0 1 1 1 1 0 
41	28	30.847204504897903		1 0 0 0 0 1 1 1 1 0 
41	29	36.366836605176005		0 0 0 0 0 1 1 1 1 0 
41	30	39.38985586729112		0 0 0 0 0 1 1 1 1 0 
41	31	40.07046326666789		0 0 0 0 0 1 1 1 1 0 
42	21	16.51777226797452		1 1 1 1 1 0 1 0 0 0 
42	22	32.94413631705317		1 1 1 1 1 0 1 0 0 0 
42	23	32.23905712939068		1 1 1 1 1 0 0 0 0 0 
42	24	21.020998921346933		1 1 1 1 1 0 1 0 0 0 
42	25	15.659541208703034		1 0 1 1 0 0 0 1 1 0 
42	26	15.10118036574362		1 0 1 1 0 0 1 1 1 0 
42	27	21.9635936950392		1 0 0 1 0 1 1 1 1 0 
42	28	28.712797904233383		1 0 0 0 0 1 1 1 1 0 
42	29	35.10428645989678		0 0 0 0 0 1 1 1 1 0 
42	30	34.43984970680953		1 0 0 0 0 1 1 1 1 0 
42	31	26.33040145716435		1 0 0 0 0 1 1 1 1 0 
43	22	31.480360273248284		1 1 1 1 1 0 1 0 0 0 
43	23	32.28339062578686		1 1 1 1 1 0 0 0 0 0 
43	24	31.34753723757476		1 1 1 1 1 0 0 0 0 0 
43	25	28.76198755160631		1 1 1 1 1 0 0 0 0 0 
43	26	15.94057702663783		1 0 1 1 0 0 1 1 1 0 
43	27	14.769188409751834		1 0 1 1 1 1 1 1 1 0 
43	28	24.886621248231997		1 0 0 0 0 1 1 1 1 0 
43	29	29.390724209253875		1 0 0 0 0 1 1 1 1 0 
43	30	30.04588216037134		1 0 0 0 0 1 1 1 1 0 
44	23	33.835159041206715		1 1 1 1 1 0 0 0 0 0 
44	24	32.94703763061088		1 1 1 1 1 0 0 0 0 0 
44	25	33.72146242715938		1 1 1 1 1 0 0 0 0 0 
44	26	16.11410289241809		1 0 1 1 0 0 1 0 1 0 
44	27	9.033891699399726		1 0 0 1 0 1 1 1 1 0 
44	28	23.331912266333003		1 0 1 1 0 1 1 1 1 0 
44	29	19.395142777639432		1 0 1 1 0 1 1 1 1 0 
44	30	23.5465917007625		1 0 1 1 0 1 1 1 1 0 
45	23	30.479715395484416		1 1 1 1 1 0 0 0 0 0 
45	24	32.526338090425895		1 1 1 1 1 0 0 0 0 0 
45	25	33.81690591653698		1 1 1 1 1 0 0 0 0 0 
45	26	16.351431278024936		1 0 1 1 0 0 1 0 0 0 
45	27	17.713943279466868		1 0 1 1 0 0 1 1 1 0 
45	28	7.812069166940956		1 1 1 1 0 1 1 1 1 0 
45	29	20.707365584688343		1 0 1 1 0 0 1 0 1 0 
46	24	34.10637050927213		1 1 1 1 1 0 0 0 0 0 
46	25	34.33197905611169		1 1 1 1 1 0 0 0 0 0 
46	26	22.018457708532466		1 1 1 1 1 0 0 0 0 0 
46	27	17.4826253706622		1 0 1 1 0 0 1 0 1 0 
46	28	18.756362034801796		1 0 1 0 0 0 1 0 1 0 
46	29	20.069552754819128		1 0 1 1 0 0 1 0 0 0 
47	24	31.631746460527715		1 1 1 1 1 0 0 0 0 0 
47	25	35.29366648948869		1 1 1 1 1 0 0 0 0 0 
47	26	33.47693589155422		1 1 1 1 1 0 0 0 0 0 
47	27	18.297396439758153		1 0 1 1 0 0 0 0 1 0 
47	28	15.012108415696398		1 1 1 1 1 1 1 0 1 0 
47	29	14.806534509221196		1 1 1 1 1 1 1 1 1 0 
48	25	33.95425686869225		1 1 1 1 1 0 0 0 0 0 
48	26	36.57161066120223		1 1 1 1 1 0 0 0 0 0 
48	27	18.23622975643664		1 0 1 1 1 0 1 0 1 0 
48	28	43.04616589190274		1 1 1 1 1 1 1 0 0 0 
49	25	32.04383732746142		1 1 1 1 1 0 0 0 0 0 
49	26	36.02986926568821		1 1 1 1 1 0 0 0 0 0 
49	27	33.16203330457022		1 1 1 1 1 1 0 0 0 0 
49	28	46.952559437439604		1 1 1 1 1 0 0 0 0 0 
4	10	23.93717480463518		1 1 1 1 0 0 1 1 1 0 
4	11	23.197291992780443		1 1 1 1 0 0 1 1 1 0 
4	12	22.485980454408697		1 1 1 1 0 0 1 1 1 0 
4	13	22.30110774652984		1 1 1 1 0 0 1 1 1 0 
4	14	22.32340258919893		1 1 1 1 0 0 1 1 1 0 
4	15	21.665328778202973		1 1 1 1 0 0 1 1 1 0 
4	16	21.77023886237354		1 1 1 1 0 0 1 1 1 0 
4	17	21.651560239135996		1 1 1 1 0 0 1 1 1 0 
4	18	20.808134869124334		1 1 1 1 0 0 1 1 1 0 
4	19	21.332878565210077		1 1 1 1 0 0 1 1 1 0 
4	1	22.407119100453404		1 1 1 1 0 0 1 1 1 0 
4	20	21.257182189266693		1 1 1 1 0 0 1 1 1 0 
4	21	19.631805256631058		1 0 1 1 0 0 1 1 1 0 
4	22	21.567950924002204		1 1 1 1 0 0 1 1 1 0 
4	23	22.3243713677086		1 0 1 1 0 0 1 1 1 0 
4	24	20.84971469823039		1 1 1 1 0 0 1 1 1 0 
4	25	22.305200963395453		1 0 1 1 0 0 1 1 1 0 
4	26	22.055193053381547		1 0 1 1 0 0 1 1 1 0 
4	27	22.186176201889054		1 0 1 1 0 0 1 1 1 0 
4	28	22.323565296355536		1 0 1 1 1 0 1 1 1 0 
4	29	22.85073483116706		1 0 1 1 0 1 1 1 1 0 
4	30	21.276590379064807		1 0 1 1 0 1 1 1 1 0 
4	31	22.117351776528693		1 0 1 1 0 1 1 1 1 0 
4	32	22.95772006406439		1 0 1 1 0 1 1 1 1 0 
4	33	23.441761250065163		1 0 0 1 0 1 1 1 1 0 
4	34	23.85660279901357		1 0 0 1 0 1 1 1 1 1 
4	35	24.41471772386318		1 0 0 1 0 1 1 1 1 0 
4	36	25.479798178333834		1 0 0 1 0 1 0 1 1 0 
4	37	28.180620443141255		0 0 0 1 0 1 0 1 1 1 
4	38	29.016567213378558		0 0 0 1 0 1 0 1 1 0 
4	39	29.847445750813257		0 0 0 1 0 1 1 1 1 0 
4	40	29.482301574582547		0 0 0 1 0 1 1 1 1 0 
4	41	30.037745159836042		0 0 0 1 0 1 1 1 1 0 
4	42	30.295918962460462		1 0 0 1 0 1 0 1 1 0 
4	43	34.0239304314266		1 0 0 1 0 0 1 1 1 0 
4	44	34.36142031064916		1 0 0 1 0 0 1 1 1 0 
4	45	35.37467741265185		1 0 0 1 0 0 1 0 1 0 
4	46	39.90230541887719		1 0 0 1 0 0 1 0 1 0 
4	4	23.002169665928037		1 1 1 1 0 0 1 1 1 0 
4	5	24.137613296188192		1 1 1 1 0 0 1 1 1 0 
4	6	24.52452302317429		1 1 1 1 0 0 1 1 1 0 
4	7	24.180801928664565		1 1 1 1 0 0 1 1 1 0 
4	8	24.310698918389612		1 1 1 1 0 0 1 1 1 0 
4	9	23.868868632239426		1 1 1 1 0 0 1 1 1 0 
50	26	36.90615601167961		1 1 1 1 1 0 0 0 0 0 
50	27	39.563454678058925		1 1 1 1 1 0 0 0 0 0 
5	10	21.734470907957654		1 1 1 1 0 0 1 1 1 0 
5	11	21.372363573589407		1 1 1 1 0 0 1 1 1 0 
5	12	21.182318503344565		1 1 1 1 0 0 1 1 1 0 
5	13	21.070373790066835		1 1 1 1 0 0 1 1 1 0 
5	14	20.53815646218605		1 1 1 1 0 0 1 1 1 0 
5	15	20.54798288900923		1 1 1 1 0 0 1 1 1 0 
5	16	20.244717471514925		1 1 1 1 0 0 1 1 1 0 
5	17	21.20350708761842		1 1 1 1 0 0 1 1 1 0 
5	18	21.74696732468109		1 1 1 1 0 0 1 1 1 0 
5	19	22.050991074900153		1 1 1 1 0 0 1 1 1 0 
5	20	22.77950307192899		1 1 1 1 0 0 1 1 1 0 
5	21	14.694976350913382		1 0 1 1 0 1 1 1 1 0 
5	22	22.515449606662486		1 0 1 1 0 0 1 1 1 0 
5	23	23.446641648520192		1 0 1 1 0 0 1 1 1 0 
5	24	22.820556610870597		1 0 1 1 0 0 1 1 1 0 
5	25	23.337464203503725		1 0 1 1 0 0 1 1 1 0 
5	26	24.36818215091042		1 0 1 1 0 0 1 1 1 0 
5	27	25.17624229180449		1 0 1 1 0 0 1 1 1 0 
5	28	25.926273794389168		1 0 1 1 0 0 1 1 1 0 
5	29	26.92642900485585		1 0 1 1 0 0 1 1 1 0 
5	30	29.532644844692562		1 0 0 1 0 0 1 1 1 0 
5	31	30.75704405882348		1 0 0 1 0 0 1 1 1 0 
5	32	30.6359212370078		1 0 0 1 0 0 1 1 1 0 
5	33	32.8216740274472		1 0 0 1 0 0 1 1 1 0 
5	34	37.53832917237383		1 0 0 1 0 0 1 1 1 0 
5	35	42.05511047959669		1 0 0 1 0 0 1 1 1 0 
5	36	45.88976652957469		1 0 0 1 0 0 1 1 1 0 
5	37	35.81709100879306		1 0 0 1 0 0 1 1 1 0 
5	38	51.70557657781179		1 0 0 1 0 0 1 1 1 0 
5	39	54.4183671879539		1 0 0 1 0 0 1 1 1 0 
5	40	56.26018696483277		1 0 0 1 0 0 1 1 1 0 
5	41	54.964264704760474		1 0 0 1 0 0 1 1 1 0 
5	42	57.1364475720054		1 0 0 1 0 0 1 1 1 1 
5	43	59.53454159588861		1 0 0 1 0 0 1 1 1 0 
5	44	53.820924044491704		1 0 0 1 0 0 1 1 1 0 
5	45	50.84401544071436		1 0 0 1 0 0 1 1 1 0 
5	5	25.877049141120033		1 1 1 1 0 0 1 1 1 0 
5	6	24.708535238868524		1 1 1 1 0 0 1 1 1 0 
5	7	24.028713263545892		1 1 1 1 0 0 1 1 1 0 
5	8	23.0128798647188		1 1 1 1 0 0 1 1 1 0 
5	9	21.421573848924226		1 1 1 1 0 0 1 1 1 0 
6	10	24.30051142114328		1 1 1 0 0 0 1 1 1 1 
6	11	22.788360342067037		1 1 1 1 0 0 1 1 1 0 
6	12	22.4453768573257		1 1 1 1 0 0 1 1 1 0 
6	13	22.769728757894725		1 1 1 1 0 0 1 1 1 0 
6	14	23.284350856858303		1 1 1 1 0 0 1 1 1 0 
6	15	22.250288029525315		1 1 1 1 0 0 1 1 1 0 
6	16	22.767751758674166		1 1 1 1 0 0 1 1 1 0 
6	17	24.883006276757925		1 1 1 1 0 0 1 1 1 0 
6	18	26.615796876143012		1 1 1 1 0 0 1 1 1 0 
6	19	29.39967378037748		1 1 1 1 0 0 1 1 1 0 
6	20	31.41352201136734		1 1 1 1 0 0 1 1 1 0 
6	21	33.6281497531844		1 0 1 1 0 0 1 1 1 0 
6	22	33.74176311924758		1 0 1 1 0 0 1 1 1 0 
6	23	36.64844368266839		1 0 1 1 0 0 1 1 1 0 
6	24	27.84618503554377		1 0 1 1 0 0 1 1 1 0 
6	25	25.950629421037007		1 0 1 1 0 0 1 1 1 0 
6	26	40.1184147482268		1 0 1 1 0 0 1 1 1 0 
6	27	40.39602674628287		1 0 1 1 0 0 1 1 1 0 
6	28	41.94442230389153		1 0 1 1 0 0 1 1 1 0 
6	29	43.34161908928607		1 0 0 1 0 0 1 1 1 0 
6	30	44.42308841588498		1 0 0 1 0 0 1 1 1 0 
6	31	45.38747201000324		1 0 0 1 0 0 1 1 1 0 
6	32	46.22765795212798		1 0 0 1 0 0 1 1 1 0 
6	33	47.079288430241384		1 0 0 1 0 0 1 1 1 0 
6	34	48.63344871196307		1 0 0 1 0 0 1 1 1 0 
6	35	49.79552575032126		1 0 0 1 0 0 1 1 1 0 
6	36	52.28018114411378		1 0 0 1 0 0 1 1 1 0 
6	37	54.48318615170255		1 0 0 1 0 0 1 1 1 0 
6	38	54.72665709647578		1 0 0 1 0 0 1 1 1 0 
6	39	56.92393304398857		1 0 0 1 0 0 1 1 1 0 
6	40	59.507086656751895		1 0 0 1 0 0 1 1 1 0 
6	41	56.4898814561481		1 0 0 1 0 0 1 1 1 1 
6	42	62.39178848579135		1 0 0 1 0 0 1 1 1 0 
6	43	62.05447031269999		1 0 0 1 0 0 1 1 1 0 
6	44	48.398229395979335		1 0 0 1 0 0 1 1 1 0 
6	45	48.57425745154287		1 0 0 1 0 1 1 1 1 0 
6	5	22.537028120026104		1 1 1 1 0 0 1 1 1 0 
6	6	22.766827534490368		1 1 1 1 0 0 1 1 1 0 
6	7	23.330290915981102		1 1 1 1 0 0 1 1 1 0 
6	8	24.293582568478183		1 1 1 0 0 0 1 1 1 0 
6	9	23.644535191391594		1 1 1 0 0 0 1 1 1 1 
7	10	25.66947443796253		1 1 1 1 0 0 1 1 1 0 
7	11	25.197973118914227		1 1 1 0 0 0 1 1 1 1 
7	12	25.713340800809256		1 1 1 0 0 0 1 1 1 1 
7	13	26.84676169582457		1 1 1 0 0 0 1 1 1 1 
7	14	28.256327014835833		1 1 1 0 0 0 1 1 1 1 
7	15	28.878794180791548		1 1 1 0 0 0 1 1 1 1 
7	16	30.18870788324387		1 1 1 1 0 0 1 1 1 0 
7	17	30.94817738943103		1 1 1 0 0 0 1 1 1 1 
7	18	32.25421593256349		1 1 1 0 0 0 1 1 1 1 
7	19	33.31601760217817		1 1 1 1 0 0 1 1 1 0 
7	20	33.966910854540856		1 0 1 1 0 0 1 1 1 0 
7	21	35.38461149006528		1 0 1 1 0 0 1 1 1 0 
7	22	37.02986248840499		1 0 1 1 0 0 1 1 1 0 
7	23	37.290082692960404		1 0 1 1 0 0 1 1 1 0 
7	24	32.171344680494364		1 0 1 1 0 0 1 1 1 0 
7	25	30.42978461849303		1 0 1 1 0 0 1 1 1 0 
7	26	39.702371064381296		1 0 1 1 0 0 1 1 1 0 
7	27	41.26409473722634		1 0 1 1 0 0 1 1 1 0 
7	28	42.16804224689696		1 0 1 1 0 0 1 1 1 0 
7	29	42.228708856702845		1 0 1 1 0 0 1 1 1 0 
7	30	43.784341943981495		1 0 0 1 0 0 1 1 1 0 
7	31	44.48477464695281		1 0 0 1 0 0 1 1 1 0 
7	32	44.88456903143242		1 0 0 1 0 0 1 1 1 0 
7	33	45.74333396062491		1 0 0 1 0 0 1 1 1 0 
7	34	47.304480298327036		1 0 0 1 0 0 1 1 1 0 
7	35	49.51041862611231		1 0 0 1 0 0 1 1 1 0 
7	36	51.286196007494325		1 0 0 1 0 0 1 1 1 0 
7	37	53.29859518131601		1 0 0 1 0 0 1 1 1 0 
7	38	54.970291103482516		1 0 0 1 0 0 1 1 1 0 
7	39	55.65605338892677		1 0 0 1 0 0 1 1 1 0 
7	3	22.222336344183226		1 1 1 1 1 0 1 1 1 0 
7	40	57.589052353687016		1 0 0 1 0 0 1 1 1 0 
7	41	60.31127112850921		1 0 0 1 0 0 1 1 1 0 
7	42	61.75534372925071		1 0 0 1 0 0 1 1 1 0 
7	43	62.312073085701805		1 0 0 1 0 0 1 1 1 0 
7	44	50.12376018094116		1 0 0 1 0 0 1 1 1 0 
7	45	35.0330696816622		1 0 0 1 0 0 1 1 1 0 
7	4	22.412856222705084		1 1 1 1 0 0 1 1 1 0 
7	5	23.592093485329098		1 1 1 1 0 0 1 0 1 0 
7	6	20.18900786224065		1 1 1 1 0 0 1 1 1 0 
7	7	20.14272222911206		1 1 1 1 0 1 1 1 1 0 
7	8	19.73919405212408		1 1 1 1 0 1 1 1 1 0 
7	9	24.443337523473286		1 1 1 0 0 0 1 1 1 0 
8	10	19.353320808310443		1 1 1 1 1 1 1 1 1 0 
8	11	24.75806272395927		1 1 1 0 0 0 1 1 1 0 
8	12	24.669168170960653		1 1 1 0 0 0 1 1 1 0 
8	13	26.1979173009403		1 1 1 0 0 0 1 1 1 0 
8	14	26.71847817614407		1 1 1 0 0 0 1 1 1 0 
8	15	28.16322183878306		1 1 1 0 0 0 1 1 1 1 
8	16	29.848701317405048		1 1 1 0 0 0 1 1 1 1 
8	17	30.37719949296376		1 0 1 0 0 0 1 1 1 1 
8	18	31.444119645925753		1 0 1 0 0 0 1 1 1 1 
8	19	32.60615636528847		1 1 1 0 0 0 1 1 1 1 
8	20	33.142430590104524		1 0 1 0 0 0 1 1 1 1 
8	21	34.639250035658605		1 1 1 0 0 0 1 1 1 1 
8	22	36.276793604475436		1 1 1 0 0 0 1 1 1 1 
8	23	37.04138718227604		1 0 0 0 0 0 1 1 1 1 
8	24	36.592193402169094		1 0 1 1 0 0 1 1 1 0 
8	25	34.708458716964806		1 0 1 1 0 0 1 1 1 0 
8	26	39.37121520659977		1 0 0 0 0 0 1 1 1 1 
8	27	40.34094341119542		1 0 0 0 0 0 1 1 1 1 
8	28	41.26261206571247		1 0 0 0 0 0 1 1 1 1 
8	29	42.04241736242474		1 0 0 0 0 0 1 1 1 1 
8	30	43.34799009709704		1 0 0 0 0 0 1 1 1 1 
8	31	44.632533784470134		1 0 0 1 0 0 1 1 1 0 
8	32	43.97221076732057		1 0 0 0 0 0 1 1 1 1 
8	33	45.55950460769902		1 0 0 1 0 0 1 1 1 0 
8	34	47.38167461776915		1 0 0 1 0 0 1 1 1 0 
8	35	49.73961803538237		1 0 0 1 0 0 1 1 1 0 
8	36	51.380039056168215		1 0 0 1 0 0 1 1 1 0 
8	37	53.160935534753605		1 0 0 1 0 0 1 1 1 0 
8	38	55.7153020130431		1 0 0 1 0 0 1 1 1 0 
8	39	56.25756172002375		1 0 0 1 0 0 1 1 1 0 
8	3	14.266918191402075		1 1 1 1 0 0 1 1 1 0 
8	40	56.458358864491736		1 0 0 1 0 0 1 1 1 0 
8	41	58.93935761199536		1 0 0 1 0 0 1 1 1 0 
8	42	58.47252950234533		1 0 0 1 0 0 1 1 1 0 
8	43	51.59993121679817		1 0 0 1 0 0 1 1 1 0 
8	44	49.70054577316969		1 0 0 1 0 0 1 1 1 0 
8	4	24.231273765391506		1 1 1 1 0 0 1 1 1 0 
8	5	20.32810382944183		1 1 1 1 0 0 1 1 1 0 
8	6	20.278297804803167		1 1 1 1 0 1 1 0 1 0 
8	7	19.626589245339627		1 1 1 1 0 1 1 1 1 0 
8	8	19.696956267357947		1 1 1 1 0 1 1 1 1 0 
8	9	18.957332991891313		1 1 1 1 0 1 1 1 1 0 
9	10	18.95402367313666		1 1 1 1 0 1 1 1 1 0 
9	11	19.267875114544136		1 1 1 1 0 1 1 1 1 0 
9	12	22.876944625634444		1 1 1 0 0 0 1 1 1 0 
9	13	24.356482776080508		1 1 1 0 0 0 1 1 1 0 
9	14	24.720484809199306		1 1 1 0 0 0 1 1 1 0 
9	15	26.78573880315985		1 1 1 1 0 0 1 1 1 0 
9	16	27.61029493698135		1 1 1 0 0 0 1 1 1 0 
9	17	28.762659444588266		1 1 1 0 0 0 1 1 1 0 
9	18	29.976659444483698		1 1 1 0 0 0 1 1 1 0 
9	19	31.29727002520049		1 1 1 0 0 0 1 1 1 0 
9	20	32.47458944767731		1 0 1 0 0 0 1 1 1 1 
9	21	33.17198271792256		1 1 1 0 0 0 1 1 1 1 
9	22	34.89725508745461		1 1 1 0 0 0 1 1 1 1 
9	23	35.256481489930316		1 1 1 0 0 0 1 1 1 1 
9	24	35.989442487640076		1 0 1 0 0 0 1 1 1 1 
9	25	34.66961043466993		1 0 1 1 0 0 1 1 1 0 
9	26	37.68402034922017		1 0 1 0 0 0 1 1 1 1 
9	27	39.60867728083737		1 0 1 0 0 0 1 1 1 1 
9	28	40.03196659928645		1 0 0 0 0 0 1 1 1 1 
9	29	40.715115284458385		1 0 0 0 0 0 1 1 1 1 
9	30	41.72577262935375		1 0 0 0 0 0 1 1 1 1 
9	31	42.466475128445595		1 0 0 0 0 0 1 1 1 1 
9	32	42.14093395005711		1 0 0 0 0 0 1 1 1 1 
9	33	44.98351758220068		1 0 0 0 0 0 1 1 1 1 
9	34	45.317849783349274		1 0 0 0 0 0 1 1 1 1 
9	35	47.21518653573857		1 0 0 0 0 0 1 1 1 1 
9	36	50.018651534514916		1 0 0 0 0 0 1 1 1 1 
9	37	50.9247536574626		1 0 0 1 0 0 1 1 1 0 
9	38	52.168353169860985		1 0 0 1 0 0 1 1 1 0 
9	39	54.51454512656382		1 0 0 1 0 0 1 1 1 0 
9	40	54.33551243379665		1 0 0 1 0 0 1 1 1 0 
9	41	57.40027628063271		1 0 0 1 0 0 1 1 1 0 
9	42	58.6534419764006		1 0 0 1 0 0 1 1 1 0 
9	43	51.256604262630624		1 0 0 1 0 0 1 1 1 0 
9	44	49.359892628285415		1 0 0 1 0 0 1 1 1 0 
9	4	22.425511802669195		1 1 1 1 0 0 1 1 1 0 
9	5	21.125304542380672		1 1 1 1 0 0 1 0 1 0 
9	6	19.66335592710726		1 1 1 1 0 1 1 0 1 0 
9	7	18.53426467153956		1 1 1 1 0 1 1 1 1 0 
9	8	17.99597618047956		1 1 1 1 0 1 1 1 1 0 
9	9	17.88661034852802		1 1 1 1 1 1 1 1 1 0 
